     0/149    0.461G   0.07673    0.2323   0.02514    0.3342        84       640 0.0001716  0.002011 1.766e-06  2.54e-07   0.08491    0.1163   0.01788
     1/149     1.23G   0.07331    0.2427   0.01979    0.3358        59       640  0.004907  0.007469  0.005102 0.0007502   0.08337    0.1207   0.01547
     2/149     1.61G   0.06974    0.2555   0.01536    0.3406        37       640   0.08106   0.05315  0.009229  0.001644   0.08438    0.1096   0.01313
     3/149     1.62G   0.06523     0.227   0.01162    0.3038        90       640     0.241    0.2502    0.1316   0.02661   0.08273   0.09718   0.01006
     4/149     1.62G   0.05813    0.2006   0.00772    0.2664        90       640    0.3314    0.3163      0.21   0.04897   0.08057   0.09378  0.007545
     5/149     1.62G   0.05365    0.1952  0.004161     0.253       281       640    0.2407    0.2292    0.1156   0.02407   0.07779    0.1046  0.006295
     6/149     1.62G   0.04636    0.1903  0.002558    0.2392        92       640     0.623    0.5231    0.5115    0.1549   0.07584   0.07533  0.004378
     7/149     1.62G   0.04465    0.2097  0.002099    0.2565       103       640    0.5285    0.3774    0.3476   0.09741   0.08081    0.1105  0.005764
     8/149     1.62G   0.03935    0.2071  0.001835    0.2482        44       640    0.6574    0.5432    0.5594    0.1602    0.0766   0.09136  0.004205
     9/149     1.62G   0.04091    0.1908  0.001483    0.2332        43       640     0.528    0.4878    0.4182    0.1005   0.08394   0.09257  0.005414
    10/149     1.62G   0.04187    0.1811  0.001261    0.2242        78       640    0.7985    0.6395    0.6781    0.1907   0.07998    0.1001  0.004961
    11/149     1.62G   0.04157    0.1774  0.001172    0.2201        53       640    0.6439    0.5366    0.4418    0.1039   0.08186    0.1054  0.005026
    12/149     1.62G   0.03763    0.1836  0.001245    0.2225        76       640    0.6839    0.6972    0.6748     0.224   0.07557    0.1034  0.003619
    13/149     1.62G   0.03594    0.1804  0.001019    0.2173       176       640    0.8444    0.7624    0.7868    0.2597   0.07212    0.1088  0.003515
    14/149     1.62G    0.0337    0.1781  0.001057    0.2129       153       640    0.8329    0.7641    0.7808    0.2632   0.07001    0.1033  0.003264
    15/149     1.62G    0.0326    0.1625 0.0007832    0.1959       167       640    0.7729    0.6912    0.6189    0.1635   0.07168    0.1024  0.002912
    16/149     1.62G   0.03768    0.2077 0.0008908    0.2463        58       640    0.5552    0.5993    0.4819     0.111   0.07131    0.1076  0.003725
    17/149     1.62G   0.03332     0.179  0.000806    0.2132       121       640    0.8074    0.7535     0.749    0.2628   0.06778    0.1009  0.003386
    18/149     1.62G   0.03361    0.1595 0.0005587    0.1937        57       640     0.861    0.7808    0.8131    0.2796    0.0668    0.1069  0.003257
    19/149     1.62G   0.03225    0.1732 0.0005001     0.206       213       640    0.8355    0.7616     0.745    0.2265   0.06766    0.1058  0.003047
    20/149     1.62G    0.0303    0.1773 0.0004968    0.2081        71       640    0.7879    0.7142    0.6677     0.187   0.06677    0.1039  0.002735
    21/149     1.62G   0.02882     0.159 0.0005273    0.1883       270       640    0.9064    0.8173    0.8303    0.3122   0.06577    0.1073  0.002835
    22/149     1.65G    0.0274    0.1525 0.0003702    0.1803        34       640    0.9162    0.8305    0.8494    0.3182   0.06448    0.1091  0.002774
    23/149     1.65G   0.02987    0.1579 0.0004644    0.1882        24       640    0.8953    0.8155    0.8123    0.2761   0.06527    0.1084  0.002705
    24/149     1.65G   0.02916    0.1513 0.0003287    0.1807        72       640    0.9064    0.8543    0.8566    0.3069   0.06372    0.1093  0.002684
    25/149     1.65G   0.02998    0.1614 0.0003998    0.1918       147       640    0.9236    0.8656    0.8812    0.3288   0.06371    0.1103  0.002827
    26/149     1.65G   0.02736     0.168 0.0002829    0.1956       319       640    0.9216    0.8837    0.8822    0.3474   0.06344    0.1073  0.002785
    27/149     1.65G   0.02921    0.1563 0.0002682    0.1858       260       640    0.9015    0.8768    0.8613    0.3266   0.06388    0.1055  0.002607
    28/149     1.65G   0.02815    0.1607 0.0002522    0.1891        20       640    0.9203    0.8607    0.8616    0.3347   0.06331    0.1062  0.002655
    29/149     1.65G   0.02748    0.1499 0.0002315    0.1776       114       640    0.9132    0.8495    0.8524    0.3153   0.06383    0.1085  0.002704
    30/149     1.65G    0.0255    0.1594 0.0002039    0.1851        90       640    0.9245    0.8834    0.8888    0.3452   0.06492    0.1103  0.002792
    31/149     1.65G   0.02935    0.1524 0.0002181    0.1819       485       640    0.9302    0.8992    0.8951    0.3498   0.06507    0.1083  0.002666
    32/149     1.65G   0.02807     0.147  0.000213    0.1753        59       640    0.9276     0.896    0.8876    0.3435   0.06313    0.1089  0.002631
    33/149     1.65G   0.02656    0.1672 0.0001899    0.1939       149       640    0.9284    0.8977    0.8963     0.343   0.06267    0.1096  0.002625
    34/149     1.65G   0.02779    0.1535 0.0001902    0.1815       101       640    0.9395    0.8946    0.9082    0.3434   0.06523    0.1101   0.00286
    35/149     1.65G   0.02697    0.1586 0.0002436    0.1858       117       640    0.9388    0.8988    0.9056    0.3583   0.06432    0.1086  0.002594
    36/149     1.65G   0.02744    0.1514 0.0001731     0.179        63       640     0.934    0.9029     0.898     0.349   0.06263    0.1067   0.00246
    37/149     1.65G   0.02683    0.1568 0.0001605    0.1838        29       640    0.9398    0.9022    0.9087    0.3628   0.06297    0.1096  0.002528
    38/149     1.65G   0.02681    0.1548 0.0001511    0.1818        40       640    0.9432    0.9046    0.9165    0.3579   0.06552    0.1105  0.002613
    39/149     1.65G   0.02696    0.1533 0.0001598    0.1805       235       640    0.9493    0.9153    0.9158    0.3764   0.06297    0.1058  0.002428
    40/149     1.65G     0.026    0.1392  0.000153    0.1653        18       640    0.9523    0.9124    0.9236    0.3658   0.06443    0.1086  0.002623
    41/149     1.65G   0.02648    0.1571  0.000143    0.1837        74       640    0.9488    0.9106     0.915    0.3467   0.06453    0.1088  0.002614
    42/149     1.65G   0.02748    0.1533 0.0001662     0.181        35       640    0.9454    0.9299    0.9249    0.3766   0.06239    0.1077  0.002579
    43/149     1.65G   0.02718    0.1493 0.0002202    0.1767        49       640    0.9426    0.9207    0.9097    0.3625   0.06157    0.1052  0.002409
    44/149     1.65G   0.02601    0.1536 0.0001452    0.1798        89       640    0.9431    0.9299    0.9194    0.3676   0.06139    0.1058  0.002519
    45/149     1.69G   0.02595    0.1496 0.0001459    0.1757       177       640    0.9419    0.9144    0.9222    0.3588   0.06201    0.1055   0.00258
    46/149     1.69G   0.02446    0.1518 0.0001306    0.1764       102       640    0.9386    0.9147    0.9202    0.3549    0.0619    0.1022   0.00255
    47/149     1.69G   0.02939    0.1391 0.0001577    0.1686        82       640    0.9399    0.9121    0.9266    0.3537    0.0631    0.1026   0.00261
    48/149     1.69G    0.0244      0.14 0.0001555    0.1645        18       640    0.9464    0.9147    0.9181    0.3503    0.0615    0.1011  0.002469
    49/149     1.69G   0.02478     0.147  0.000214     0.172        49       640    0.9504    0.9309    0.9272    0.3608   0.06068    0.0975  0.002392
    50/149     1.69G   0.02493    0.1402 0.0001665    0.1653        33       640    0.9351    0.9066      0.92    0.3491   0.06186   0.09926  0.002545
    51/149     1.69G   0.02641     0.143  0.000157    0.1695        33       640     0.933     0.912     0.911    0.3424   0.06211   0.09505  0.002425
    52/149     1.69G   0.02421    0.1485 0.0001481    0.1729        94       640    0.9326    0.9228     0.923    0.3448   0.06183   0.09531  0.002366
    53/149     1.69G   0.02541    0.1435  0.000152     0.169        28       640    0.9531    0.9342    0.9347    0.3661   0.06057   0.09589  0.002272
    54/149     1.69G   0.02441    0.1472  0.000148    0.1718        45       640    0.9564    0.9394    0.9459    0.3645   0.06049   0.09742  0.002362
    55/149     1.69G   0.02576    0.1451 0.0001419     0.171       106       640    0.9496     0.929     0.924    0.3534   0.06044    0.0955  0.002268
    56/149     1.69G   0.02639    0.1425 0.0001516     0.169        14       640    0.9522    0.9376    0.9272    0.3539   0.06046   0.09556  0.002287
    57/149     1.69G   0.02337    0.1465 0.0001356      0.17        97       640    0.9524    0.9313    0.9412     0.362   0.06088   0.09431  0.002238
    58/149     1.69G   0.02506    0.1535 0.0001339    0.1787       280       640    0.9427    0.9256    0.9347    0.3521    0.0618   0.09634  0.002305
    59/149     1.69G   0.02429     0.149 0.0001437    0.1735       120       640     0.955     0.946    0.9402    0.3673   0.06033   0.09386   0.00219
    60/149     1.69G   0.02872    0.1395 0.0001473    0.1684        93       640    0.9354     0.921    0.9263    0.3355    0.0631   0.09578   0.00237
    61/149     1.69G   0.02523    0.1468 0.0001389    0.1721       158       640    0.9522    0.9394     0.934    0.3571   0.06149   0.09276  0.002189
    62/149     1.69G   0.02534     0.139 0.0001241    0.1644        49       640    0.9378     0.927    0.9309    0.3467   0.06174   0.09452  0.002211
    63/149     1.97G   0.02622    0.1513 0.0001305    0.1777        41       640    0.9538    0.9382    0.9401    0.3529   0.06035    0.0938  0.002107
    64/149     1.97G   0.02644    0.1403 0.0001282    0.1668        27       640    0.9612    0.9492    0.9479    0.3722   0.05979   0.09253  0.002094
    65/149     1.97G   0.02445    0.1389 0.0001133    0.1635        95       640    0.9655    0.9503    0.9522    0.3708    0.0602   0.09458  0.002156
    66/149     1.97G   0.02593    0.1262 0.0001119    0.1522       141       640    0.9568     0.942    0.9471    0.3528   0.06105   0.09537  0.002218
    67/149     1.97G   0.02534    0.1422 0.0001182    0.1677       167       640     0.964    0.9474    0.9407    0.3743   0.05942   0.09185  0.002028
    68/149     1.97G   0.02337    0.1431 0.0001076    0.1665        66       640    0.9575    0.9448    0.9354     0.369   0.05928   0.09213  0.001956
    69/149     1.97G   0.02483    0.1522 0.0001472    0.1772       123       640    0.9657    0.9459    0.9479    0.3699   0.05883   0.09366  0.001996
    70/149     1.97G   0.02454    0.1457 0.0001619    0.1704        90       640    0.9574     0.937    0.9376    0.3552   0.05979   0.09308  0.002013
    71/149     1.97G   0.02571     0.139 0.0001089    0.1648        33       640    0.9498    0.9368    0.9367     0.355   0.06026   0.09337  0.002017
    72/149     1.97G   0.02271    0.1447 0.0001031    0.1675       115       640    0.9452    0.9322    0.9327    0.3314   0.06093   0.09454  0.002032
    73/149     1.97G   0.02657    0.1444  0.000111    0.1711        80       640    0.9636    0.9517    0.9533    0.3586   0.06005   0.09479  0.002031
    74/149     1.97G   0.02498    0.1439 0.0001121    0.1689        93       640    0.9637    0.9525    0.9519    0.3695   0.05946   0.09464  0.001988
    75/149     1.97G   0.02744    0.1395 0.0001124    0.1671        33       640    0.9486    0.9336     0.927    0.3431   0.05955   0.09285  0.001945
    76/149     1.97G   0.02656    0.1377 0.0001081    0.1644       158       640    0.9388    0.9164    0.9177    0.3345    0.0603   0.09415  0.001982
    77/149     1.97G   0.02588    0.1452  0.000103    0.1712       204       640     0.952    0.9351    0.9337    0.3417   0.06024   0.09357  0.001948
    78/149     1.97G   0.02368    0.1453 9.665e-05    0.1691       105       640    0.9392    0.9233    0.9213    0.3428   0.06014   0.09485  0.001942
    79/149     1.97G    0.0261    0.1405 0.0001049    0.1667        30       640    0.9617     0.937     0.932    0.3635    0.0598   0.09242  0.001908
    80/149     1.97G   0.02447    0.1469 0.0001041    0.1715        78       640    0.9631    0.9463    0.9455    0.3703    0.0607   0.09111  0.001922
    81/149     1.97G   0.02414    0.1427 0.0001033    0.1669        64       640    0.9633    0.9509    0.9494    0.3683     0.062   0.09453  0.002013
    82/149     1.97G   0.02617    0.1459 9.775e-05    0.1722        89       640    0.9724    0.9532    0.9541    0.3735   0.06101   0.09585  0.001969
    83/149     1.97G   0.02353    0.1497 9.012e-05    0.1733       135       640    0.9697     0.956    0.9524    0.3874   0.05968   0.09425  0.001897
    84/149     1.97G   0.02398    0.1416 9.166e-05    0.1657       324       640     0.969    0.9514    0.9452    0.3807   0.06014   0.09377  0.001893
    85/149     1.97G   0.02356     0.139 9.216e-05    0.1626       148       640    0.9652    0.9491    0.9515    0.3693   0.06068   0.09537  0.001949
    86/149     1.97G   0.02341    0.1418 8.447e-05    0.1653        67       640    0.9637    0.9469    0.9463    0.3665   0.06085   0.09554  0.001919
    87/149     1.97G   0.02257    0.1356 8.613e-05    0.1583       132       640    0.9536    0.9345    0.9359    0.3483   0.06166   0.09524   0.00192
    88/149     1.97G   0.02598    0.1455 9.072e-05    0.1716       178       640    0.9555    0.9434    0.9393    0.3515    0.0609   0.09474  0.001877
    89/149     1.97G   0.02344    0.1394 8.251e-05    0.1629        91       640    0.9589    0.9452    0.9462    0.3542   0.06042   0.09572  0.001923
    90/149     1.97G   0.02517    0.1366 8.643e-05    0.1619        76       640    0.9624    0.9477    0.9467     0.367    0.0604   0.09577  0.001936
    91/149     1.97G   0.02515     0.133 9.326e-05    0.1582        65       640    0.9527    0.9379     0.937    0.3488    0.0614   0.09618  0.001945
    92/149     1.97G   0.02462    0.1476 9.195e-05    0.1723       245       640    0.9488    0.9318    0.9281    0.3385    0.0624   0.09697  0.002024
    93/149     1.97G   0.02501     0.142 8.669e-05    0.1671        60       640     0.953    0.9345    0.9348    0.3423   0.06172   0.09679   0.00197
    94/149     1.97G   0.02458    0.1374 9.969e-05    0.1621        85       640     0.953    0.9371    0.9354    0.3547   0.06085   0.09663  0.001946
    95/149     1.97G    0.0238    0.1386 7.789e-05    0.1625        63       640    0.9502    0.9321    0.9255    0.3489   0.06085   0.09696  0.001907
    96/149     1.97G   0.02366    0.1465 7.776e-05    0.1702       190       640    0.9547    0.9382     0.932     0.349   0.06042   0.09695  0.001929
    97/149     1.97G   0.02497    0.1613 8.339e-05    0.1864        26       640    0.9501    0.9336    0.9319    0.3468   0.06042   0.09613  0.001915
    98/149     1.97G   0.02289    0.1394 7.546e-05    0.1623        42       640    0.9523    0.9351    0.9308      0.35   0.06089   0.09645   0.00196
    99/149     1.97G   0.02365    0.1515 8.687e-05    0.1752        28       640    0.9472    0.9336    0.9246    0.3383   0.06075   0.09648  0.001913
   100/149     1.97G   0.02253    0.1398 7.982e-05    0.1624       106       640     0.939    0.9253    0.9168    0.3315    0.0611    0.0967  0.001937
   101/149     1.97G   0.02318    0.1379 7.906e-05    0.1611       189       640    0.9478    0.9339    0.9277      0.34   0.06144   0.09785  0.001957
   102/149     1.97G   0.02455     0.137 7.966e-05    0.1616        25       640    0.9588    0.9426    0.9364    0.3607   0.06056   0.09693  0.001903
   103/149     1.97G    0.0252    0.1364 8.051e-05    0.1617        97       640    0.9514    0.9397     0.931    0.3483   0.06064   0.09797  0.001892
   104/149     1.97G   0.02462    0.1506 8.221e-05    0.1753        71       640    0.9512    0.9405    0.9344    0.3516    0.0605   0.09848  0.001899
   105/149     1.97G   0.02582     0.139 8.321e-05    0.1649        86       640    0.9546     0.942     0.928    0.3603   0.05972    0.0971  0.001857
   106/149     1.97G   0.02334    0.1373 7.345e-05    0.1607        94       640    0.9501    0.9359      0.93    0.3471   0.06067   0.09892  0.001921
   107/149     1.97G   0.02442    0.1376 7.549e-05    0.1621        46       640    0.9471    0.9319    0.9277      0.34   0.06082   0.09854    0.0019
   108/149     1.97G   0.02503    0.1325 7.863e-05    0.1576        29       640    0.9511    0.9322    0.9297    0.3392   0.06123   0.09895  0.001914
   109/149     1.97G   0.02334    0.1382 7.468e-05    0.1616       118       640    0.9648    0.9448     0.948    0.3663    0.0603   0.09693  0.001883
   110/149     1.97G   0.02645    0.1456 7.637e-05    0.1721        89       640     0.962    0.9448    0.9432    0.3717   0.05998   0.09748   0.00186
   111/149     1.97G    0.0247    0.1414  0.000156    0.1663       134       640    0.9587    0.9459    0.9427    0.3681   0.06001   0.09673  0.001825
   112/149     1.97G   0.02607    0.1433 7.975e-05    0.1694       126       640    0.9606    0.9466     0.938    0.3714   0.05951   0.09667  0.001805
   113/149     1.97G   0.02489    0.1392 6.923e-05    0.1642        78       640    0.9597    0.9382    0.9319    0.3532   0.05988   0.09721  0.001786
   114/149     1.97G   0.02469    0.1413 7.289e-05    0.1661       154       640     0.952    0.9353    0.9289    0.3427   0.06009   0.09935  0.001844
   115/149     1.97G     0.025    0.1431 7.594e-05    0.1682       161       640    0.9358    0.9206    0.9098    0.3164   0.06081   0.09976  0.001843
   116/149     1.97G   0.02564    0.1462 7.968e-05     0.172        50       640    0.9534    0.9399    0.9322    0.3421   0.05994   0.09844  0.001825
   117/149     1.97G   0.02248    0.1453 6.953e-05    0.1678        13       640    0.9636    0.9515    0.9441    0.3661   0.05932   0.09657  0.001775
   118/149     1.97G   0.02403    0.1331 7.038e-05    0.1572        81       640    0.9608    0.9586    0.9469    0.3758   0.05928   0.09719  0.001796
   119/149     1.97G   0.02542    0.1342 7.272e-05    0.1597        36       640    0.9664    0.9494     0.945     0.371   0.05963   0.09772  0.001791
   120/149     1.97G   0.02605    0.1384 7.685e-05    0.1646        11       640    0.9606    0.9447    0.9414    0.3614   0.05991   0.09854  0.001833
   121/149     1.97G   0.02368    0.1352  7.24e-05    0.1589        35       640    0.9607    0.9491    0.9407    0.3688      0.06   0.09845  0.001864
   122/149     1.97G   0.02548     0.139  7.68e-05    0.1646        25       640    0.9648    0.9529    0.9488    0.3721   0.06009   0.09897  0.001873
   123/149     1.97G   0.02371    0.1414 6.876e-05    0.1652       108       640    0.9618    0.9486    0.9481    0.3632   0.06022   0.09883  0.001856
   124/149     1.97G   0.02465    0.1405 7.182e-05    0.1653       229       640    0.9621    0.9489    0.9458    0.3655   0.06023   0.09849  0.001861
   125/149     1.97G   0.02287    0.1422 6.717e-05    0.1652        43       640    0.9595    0.9517    0.9418    0.3675   0.06009   0.09799  0.001852
   126/149     1.97G   0.02389     0.136  6.72e-05      0.16        93       640    0.9562    0.9465    0.9393    0.3516    0.0607   0.09845  0.001877
   127/149     1.97G    0.0255    0.1448 7.122e-05    0.1703       151       640    0.9477    0.9313    0.9277    0.3324   0.06118   0.09837   0.00187
   128/149     1.97G   0.02588    0.1386 7.664e-05    0.1646         8       640    0.9448    0.9348    0.9279    0.3389   0.06096   0.09786  0.001862
   129/149     1.97G   0.02452    0.1469 6.639e-05    0.1715        78       640    0.9608      0.95     0.946    0.3596   0.06025   0.09793  0.001856
   130/149     1.97G   0.02248    0.1413 6.504e-05    0.1638       306       640    0.9628    0.9523    0.9503    0.3609   0.06074   0.09897  0.001878
   131/149     1.97G   0.02527    0.1371 6.785e-05    0.1625       142       640    0.9591     0.943    0.9443    0.3556   0.06094   0.09919  0.001875
   132/149     1.97G   0.02245    0.1529 6.476e-05    0.1754        32       640    0.9599     0.944    0.9452    0.3587   0.06063   0.09897  0.001872
   133/149     1.97G   0.02604    0.1459 7.377e-05     0.172       125       640     0.966    0.9462    0.9494    0.3653    0.0602   0.09849  0.001857
   134/149     1.97G   0.02458      0.14 6.826e-05    0.1646        22       640    0.9596    0.9474    0.9456    0.3596    0.0602   0.09835  0.001861
   135/149     1.97G   0.02407    0.1395 6.816e-05    0.1637        95       640    0.9538    0.9425    0.9376    0.3523   0.06041   0.09877  0.001858
   136/149     1.97G   0.02518    0.1382 7.337e-05    0.1635        57       640    0.9556      0.94    0.9354    0.3473   0.06067   0.09868  0.001864
   137/149     1.97G   0.02293    0.1418 6.562e-05    0.1648       405       640    0.9532    0.9431     0.938    0.3526   0.06059   0.09918  0.001873
   138/149     1.97G   0.02439    0.1352 6.527e-05    0.1596        27       640    0.9567     0.945    0.9397     0.355   0.06047   0.09916  0.001875
   139/149     1.97G   0.02333    0.1407 6.651e-05    0.1641        69       640    0.9526    0.9411     0.936    0.3487   0.06068   0.09878   0.00185
   140/149     1.97G   0.02856    0.1447 7.813e-05    0.1733       129       640    0.9539    0.9417    0.9364    0.3508   0.06084   0.09938  0.001862
   141/149     1.97G   0.02208    0.1415 6.456e-05    0.1636        81       640    0.9545    0.9425    0.9371     0.351   0.06062   0.09913  0.001854
   142/149     1.97G   0.02363    0.1355 6.908e-05    0.1592       158       640    0.9592    0.9465    0.9423    0.3533   0.06053   0.09937  0.001872
   143/149     1.97G   0.02455    0.1398 6.511e-05    0.1644        31       640    0.9541    0.9448     0.938    0.3507    0.0605   0.09887  0.001851
   144/149     1.97G   0.02447    0.1365  6.77e-05    0.1611        88       640    0.9564    0.9471    0.9399    0.3533   0.06055   0.09881  0.001858
   145/149     1.97G    0.0236    0.1331 6.583e-05    0.1568        49       640    0.9574    0.9483    0.9424    0.3561   0.06053   0.09878  0.001868
   146/149     1.97G   0.02473     0.144  6.96e-05    0.1688       110       640    0.9574     0.948    0.9438    0.3571   0.06036   0.09925  0.001878
   147/149     1.97G   0.02381    0.1353  6.97e-05    0.1592        12       640     0.954    0.9414    0.9364    0.3493   0.06058   0.09894   0.00187
   148/149     1.97G   0.02542    0.1387 7.291e-05    0.1642        37       640    0.9538    0.9419    0.9375     0.351   0.06065   0.09913  0.001867
   149/149     1.97G   0.02443    0.1318 0.0001039    0.1563        99       640     0.951    0.9488     0.938    0.3538   0.06076   0.09969  0.001889
